{
 "cells": [
  {
   "cell_type": "code",
   "execution_count": 3,
   "metadata": {},
   "outputs": [
    {
     "name": "stdout",
     "output_type": "stream",
     "text": [
      "Covariance matrix: \n",
      "[[ 1.00671141 -0.11835884  0.87760447  0.82343066]\n",
      " [-0.11835884  1.00671141 -0.43131554 -0.36858315]\n",
      " [ 0.87760447 -0.43131554  1.00671141  0.96932762]\n",
      " [ 0.82343066 -0.36858315  0.96932762  1.00671141]]\n",
      "Eigen vectors \n",
      "[[ 0.52106591 -0.37741762 -0.71956635  0.26128628]\n",
      " [-0.26934744 -0.92329566  0.24438178 -0.12350962]\n",
      " [ 0.5804131  -0.02449161  0.14212637 -0.80144925]\n",
      " [ 0.56485654 -0.06694199  0.63427274  0.52359713]]\n",
      "\n",
      "Eigen values \n",
      "[2.93808505 0.9201649  0.14774182 0.02085386]\n",
      "Eigenvalues in descending order:\n",
      "2.9380850501999953\n",
      "0.920164904162487\n",
      "0.14774182104494807\n",
      "0.020853862176462408\n",
      "Matrix :\n",
      " [[ 0.52106591 -0.37741762]\n",
      " [-0.26934744 -0.92329566]\n",
      " [ 0.5804131  -0.02449161]\n",
      " [ 0.56485654 -0.06694199]]\n"
     ]
    }
   ],
   "source": [
    "import pandas as pd\n",
    "import numpy as np\n",
    "from sklearn.preprocessing import StandardScaler\n",
    "df = pd.read_csv(\"C:\\\\Users\\\\Abrar\\\\Downloads\\\\iris\\\\iris.csv\")\n",
    "df.columns=['sepal_len', 'sepal_wid', 'petal_len', 'petal_wid', 'class']\n",
    "df.dropna(how=\"all\", inplace=True)\n",
    "X = df.iloc[:,0:4].values\n",
    "y = df.iloc[:,4].values\n",
    "X_std = StandardScaler().fit_transform(X)\n",
    "print('Covariance matrix: \\n%s' %np.cov(X_std.T))\n",
    "cov_mat = np.cov(X_std.T)\n",
    "\n",
    "eig_vals, eig_vecs = np.linalg.eig(cov_mat)\n",
    "\n",
    "print('Eigen vectors \\n%s' %eig_vecs)\n",
    "print('\\nEigen values \\n%s' %eig_vals)\n",
    "for ev in eig_vecs:\n",
    "    np.testing.assert_array_almost_equal(1.0, np.linalg.norm(ev))\n",
    "eig_pairs = [(np.abs(eig_vals[i]), eig_vecs[:,i]) for i in range(len(eig_vals))]\n",
    "\n",
    "eig_pairs.sort()\n",
    "eig_pairs.reverse()\n",
    "\n",
    "print('Eigenvalues in descending order:')\n",
    "for i in eig_pairs:\n",
    "    print(i[0])\n",
    "\n",
    "tot = sum(eig_vals)\n",
    "var_exp = [(i / tot)*100 for i in sorted(eig_vals, reverse=True)]\n",
    "cum_var_exp = np.cumsum(var_exp)\n",
    "\n",
    "trace1 = dict(\n",
    "    type='bar',\n",
    "    x=['PC %s' %i for i in range(1,5)],\n",
    "    y=var_exp,\n",
    "    name='Individual'\n",
    ")\n",
    "\n",
    "trace2 = dict(\n",
    "    type='scatter',\n",
    "    x=['PC %s' %i for i in range(1,5)], \n",
    "    y=cum_var_exp,\n",
    "    name='Cumulative'\n",
    ")\n",
    "\n",
    "data = [trace1, trace2]\n",
    "\n",
    "layout=dict(\n",
    "    title='Explained variance by different principal components',\n",
    "    yaxis=dict(\n",
    "        title='Explained variance in percent'\n",
    "    ),\n",
    "    annotations=list([\n",
    "        dict(\n",
    "            x=1.16,\n",
    "            y=1.05,\n",
    "            xref='paper',\n",
    "            yref='paper',\n",
    "            text='Explained Variance',\n",
    "            showarrow=False,\n",
    "        )\n",
    "    ])\n",
    ")\n",
    "matrix_w = np.hstack((eig_pairs[0][1].reshape(4,1), \n",
    "                      eig_pairs[1][1].reshape(4,1)))\n",
    "\n",
    "print('Matrix :\\n', matrix_w)\n"
   ]
  },
  {
   "cell_type": "code",
   "execution_count": null,
   "metadata": {},
   "outputs": [],
   "source": []
  }
 ],
 "metadata": {
  "kernelspec": {
   "display_name": "Python 3",
   "language": "python",
   "name": "python3"
  },
  "language_info": {
   "codemirror_mode": {
    "name": "ipython",
    "version": 3
   },
   "file_extension": ".py",
   "mimetype": "text/x-python",
   "name": "python",
   "nbconvert_exporter": "python",
   "pygments_lexer": "ipython3",
   "version": "3.7.3"
  }
 },
 "nbformat": 4,
 "nbformat_minor": 2
}
